1 114 486 2 45
2 114 441 1 45 3 39 4 71
3 153 441 2 39
4 114 370 2 71 5 38
5 76 370 4 38 6 56
6 76 314 5 56 7 13 9 73
7 63 314 6 13
8 63 241 9 13
9 76 241 6 73 8 13 10 26 68 13
10 76 215 9 26 11 70
11 146 215 10 70 12 36
12 172 241 11 36 13 43
13 211 222 64 58 34 32 12 43
14 211 109 64 55 15 55
15 266 109 16 45 19 56 14 55
16 311 109 17 61 20 56 15 45
17 372 109 16 61 21 56 26 44
18 224 53 19 42
19 266 53 18 42 20 45 15 56
20 311 53 16 56 19 45 21 61
21 372 53 17 56 20 61 22 37
22 409 53 21 37 23 36
23 445 53 22 36 24 32
24 445 85 23 32 25 91 27 24
25 536 85 24 91
26 416 109 17 44 27 29 28 19
27 445 109 24 24 26 29 29 19
28 416 128 33 47 26 19 29 29
29 445 128 27 19 28 29 30 55
30 500 128 29 55 31 47
31 500 175 32 28 38 47 30 47
32 528 175 31 28
33 416 175 67 50 36 47 28 47
34 243 222 35 65 40 106 13 32
35 308 222 34 65 66 32 36 108 41 93
36 416 222 33 47 35 108 37 67 43 93
37 483 222 36 67 38 17 44 62
38 500 222 37 17 39 25 31 47
39 525 222 38 25
40 205 321 34 106 53 128
41 308 315 48 46 35 93 42 49
42 357 315 49 27 41 49 43 59
43 416 315 36 93 42 59 45 26
44 458 279 37 62 45 39
45 442 315 43 26 44 39 46 30
46 428 342 49 71 45 30 47 21
47 419 361 50 62 52 27 46 21
48 308 361 50 49 41 46
49 357 342 50 19 42 27 46 71
50 357 361 48 49 49 19 51 25 47 62
51 357 386 50 25 52 51 54 44
52 408 386 51 51 55 48 56 93 47 27
53 267 433 40 128 57 67
54 357 430 51 44 55 31 57 34
55 388 430 52 48 54 31 58 36
56 492 428 52 93 63 71
57 331 453 53 67 54 34 59 38
58 402 464 55 36 59 46 62 69
59 358 480 57 38 58 46 60 27
60 358 507 59 27 61 67
61 291 507 60 67
62 447 517 58 69 63 80
63 523 492 56 71 62 80
64 211 164 65 34 13 58 14 55
65 245 164 64 34
66 308 190 35 32
67 366 175 33 50
68 89 241 9 13